# This file was generated by Animated Java via MC-Build. It is not recommended to edit this file directly.
$data merge entity $(bone_body_lower_group) {transformation: [-1f,0f,0f,0f,0f,0.9239f,0.3827f,0.25f,0f,0.3827f,-0.9239f,-0.0547f,0f,0f,0f,1f],start_interpolation: 0,interpolation_duration: 1}
$data merge entity $(bone_right_upper_leg_group) {transformation: [-1f,0f,0f,-0.1187f,0f,0.9239f,-0.3827f,0.25f,0f,-0.3827f,-0.9239f,-0.0547f,0f,0f,0f,1f],start_interpolation: 0,interpolation_duration: 1}
$data merge entity $(bone_right_lower_leg_group) {transformation: [-1f,0f,0f,-0.1187f,0f,1f,0f,0.125f,0f,0f,-1f,-0.3672f,0f,0f,0f,1f],start_interpolation: 0,interpolation_duration: 1}
$data merge entity $(bone_left_upper_leg_group) {transformation: [-1f,0f,0f,0.1188f,0f,0.9239f,-0.3827f,0.25f,0f,-0.3827f,-0.9239f,-0.0547f,0f,0f,0f,1f],start_interpolation: 0,interpolation_duration: 1}
$data merge entity $(bone_left_lower_leg_group) {transformation: [-1f,0f,0f,0.1188f,0f,1f,0f,0.125f,0f,0f,-1f,-0.3672f,0f,0f,0f,1f],start_interpolation: 0,interpolation_duration: 1}